3c 6d 78 66 69 6c 65 20  68 6f 73 74 3d 22 61 70
70 2e 64 69 61 67 72 61  6d 73 2e 6e 65 74 22 20
61 67 65 6e 74 3d 22 35  2e 30 22 20 6d 6f 64 69
66 69 65 64 3d 22 32 30  32 36 2d 30 33 2d 31 36
54 30 30 3a 30 30 3a 30  30 2e 30 30 30 5a 22 20
76 65 72 73 69 6f 6e 3d  22 32 34 2e 30 2e 30 22
20 74 79 70 65 3d 22 64  65 76 69 63 65 22 3e 0a
20 20 3c 64 69 61 67 72  61 6d 20 6e 61 6d 65 3d
22 43 61 73 20 64 27 55  74 69 6c 69 73 61 74 69
6f 6e 22 20 69 64 3d 22  75 63 31 22 3e 0a 20 20
20 20 3c 6d 78 47 72 61  70 68 4d 6f 64 65 6c 20
64 78 3d 22 31 38 30 30  22 20 64 79 3d 22 31 32
30 30 22 20 67 72 69 64  3d 22 31 22 20 67 72 69
64 53 69 7a 65 3d 22 31  30 22 20 67 75 69 64 65
73 3d 22 31 22 20 74 6f  6f 6c 74 69 70 73 3d 22
31 22 20 63 6f 6e 6e 65  63 74 3d 22 31 22 20 61
72 72 6f 77 73 3d 22 31  22 20 66 6f 6c 64 3d 22
31 22 20 70 61 67 65 3d  22 31 22 20 70 61 67 65
53 63 61 6c 65 3d 22 31  22 20 70 61 67 65 57 69
64 74 68 3d 22 32 32 30  30 22 20 70 61 67 65 48
65 69 67 68 74 3d 22 31  36 30 30 22 20 6d 61 74
68 3d 22 30 22 20 73 68  61 64 6f 77 3d 22 30 22
3e 0a 20 20 20 20 20 20  3c 72 6f 6f 74 3e 0a 20
20 20 20 20 20 20 20 3c  6d 78 43 65 6c 6c 20 69
64 3d 22 30 22 2f 3e 0a  20 20 20 20 20 20 20 20
3c 6d 78 43 65 6c 6c 20  69 64 3d 22 31 22 20 70
61 72 65 6e 74 3d 22 30  22 2f 3e 0a 0a 20 20 20
20 20 20 20 20 3c 6d 78  43 65 6c 6c 20 69 64 3d
22 73 79 73 22 20 76 61  6c 75 65 3d 22 53 79 73
74 c3 a8 6d 65 20 4b 41  41 52 4a 41 20 42 65 61
75 74 c3 a9 22 20 73 74  79 6c 65 3d 22 73 68 61
70 65 3d 75 6d 6c 46 72  61 6d 65 3b 77 68 69 74
65 53 70 61 63 65 3d 77  72 61 70 3b 68 74 6d 6c
3d 31 3b 77 69 64 74 68  3d 31 38 30 3b 68 65 69
67 68 74 3d 33 30 3b 62  6f 75 6e 64 65 64 4c 62
6c 3d 31 3b 76 65 72 74  69 63 61 6c 41 6c 69 67
6e 3d 74 6f 70 3b 61 6c  69 67 6e 3d 6c 65 66 74
3b 73 70 61 63 69 6e 67  4c 65 66 74 3d 31 30 3b
66 6f 6e 74 53 69 7a 65  3d 31 36 3b 66 6f 6e 74
53 74 79 6c 65 3d 31 3b  66 69 6c 6c 43 6f 6c 6f
72 3d 23 46 46 46 46 46  46 3b 73 74 72 6f 6b 65
43 6f 6c 6f 72 3d 23 33  33 33 33 33 33 3b 22 20
76 65 72 74 65 78 3d 22  31 22 20 70 61 72 65 6e
74 3d 22 31 22 3e 0a 20  20 20 20 20 20 20 20 20
20 3c 6d 78 47 65 6f 6d  65 74 72 79 20 78 3d 22
32 38 30 22 20 79 3d 22  32 30 22 20 77 69 64 74
68 3d 22 31 36 34 30 22  20 68 65 69 67 68 74 3d
22 31 35 34 30 22 20 61  73 3d 22 67 65 6f 6d 65
74 72 79 22 2f 3e 0a 20  20 20 20 20 20 20 20 3c
2f 6d 78 43 65 6c 6c 3e  0a 0a 20 20 20 20 20 20
20 20 3c 6d 78 43 65 6c  6c 20 69 64 3d 22 61 63
74 43 6c 69 65 6e 74 22  20 76 61 6c 75 65 3d 22
43 6c 69 65 6e 74 22 20  73 74 79 6c 65 3d 22 73
68 61 70 65 3d 75 6d 6c  41 63 74 6f 72 3b 76 65
72 74 69 63 61 6c 4c 61  62 65 6c 50 6f 73 69 74
69 6f 6e 3d 62 6f 74 74  6f 6d 3b 76 65 72 74 69
63 61 6c 41 6c 69 67 6e  3d 74 6f 70 3b 68 74 6d
6c 3d 31 3b 6f 75 74 6c  69 6e 65 43 6f 6e 6e 65
63 74 3d 30 3b 66 6f 6e  74 53 69 7a 65 3d 31 34
3b 66 6f 6e 74 53 74 79  6c 65 3d 31 3b 66 69 6c
6c 43 6f 6c 6f 72 3d 23  64 61 65 38 66 63 3b 73
74 72 6f 6b 65 43 6f 6c  6f 72 3d 23 36 63 38 65
62 66 3b 22 20 76 65 72  74 65 78 3d 22 31 22 20
70 61 72 65 6e 74 3d 22  31 22 3e 0a 20 20 20 20
20 20 20 20 20 20 3c 6d  78 47 65 6f 6d 65 74 72
79 20 78 3d 22 38 30 22  20 79 3d 22 34 30 30 22
20 77 69 64 74 68 3d 22  34 30 22 20 68 65 69 67
68 74 3d 22 36 30 22 20  61 73 3d 22 67 65 6f 6d
65 74 72 79 22 2f 3e 0a  20 20 20 20 20 20 20 20
3c 2f 6d 78 43 65 6c 6c  3e 0a 0a 20 20 20 20 20
20 20 20 3c 6d 78 43 65  6c 6c 20 69 64 3d 22 61
63 74 45 6d 70 6c 6f 79  65 65 22 20 76 61 6c 75
65 3d 22 45 6d 70 6c 6f  79 c3 a9 22 20 73 74 79
6c 65 3d 22 73 68 61 70  65 3d 75 6d 6c 41 63 74
6f 72 3b 76 65 72 74 69  63 61 6c 4c 61 62 65 6c
50 6f 73 69 74 69 6f 6e  3d 62 6f 74 74 6f 6d 3b
76 65 72 74 69 63 61 6c  41 6c 69 67 6e 3d 74 6f
70 3b 68 74 6d 6c 3d 31  3b 6f 75 74 6c 69 6e 65
43 6f 6e 6e 65 63 74 3d  30 3b 66 6f 6e 74 53 69
7a 65 3d 31 34 3b 66 6f  6e 74 53 74 79 6c 65 3d
31 3b 66 69 6c 6c 43 6f  6c 6f 72 3d 23 64 35 65
38 64 34 3b 73 74 72 6f  6b 65 43 6f 6c 6f 72 3d
23 38 32 62 33 36 36 3b  22 20 76 65 72 74 65 78
3d 22 31 22 20 70 61 72  65 6e 74 3d 22 31 22 3e
0a 20 20 20 20 20 20 20  20 20 20 3c 6d 78 47 65
6f 6d 65 74 72 79 20 78  3d 22 32 30 38 30 22 20
79 3d 22 33 30 30 22 20  77 69 64 74 68 3d 22 34
30 22 20 68 65 69 67 68  74 3d 22 36 30 22 20 61
73 3d 22 67 65 6f 6d 65  74 72 79 22 2f 3e 0a 20
20 20 20 20 20 20 20 3c  2f 6d 78 43 65 6c 6c 3e
0a 0a 20 20 20 20 20 20  20 20 3c 6d 78 43 65 6c
6c 20 69 64 3d 22 61 63  74 41 64 6d 69 6e 22 20
76 61 6c 75 65 3d 22 41  64 6d 69 6e 22 20 73 74
79 6c 65 3d 22 73 68 61  70 65 3d 75 6d 6c 41 63
74 6f 72 3b 76 65 72 74  69 63 61 6c 4c 61 62 65
6c 50 6f 73 69 74 69 6f  6e 3d 62 6f 74 74 6f 6d
3b 76 65 72 74 69 63 61  6c 41 6c 69 67 6e 3d 74
6f 70 3b 68 74 6d 6c 3d  31 3b 6f 75 74 6c 69 6e
65 43 6f 6e 6e 65 63 74  3d 30 3b 66 6f 6e 74 53
69 7a 65 3d 31 34 3b 66  6f 6e 74 53 74 79 6c 65
3d 31 3b 66 69 6c 6c 43  6f 6c 6f 72 3d 23 66 38
63 65 63 63 3b 73 74 72  6f 6b 65 43 6f 6c 6f 72
3d 23 62 38 35 34 35 30  3b 22 20 76 65 72 74 65
78 3d 22 31 22 20 70 61  72 65 6e 74 3d 22 31 22
3e 0a 20 20 20 20 20 20  20 20 20 20 3c 6d 78 47
65 6f 6d 65 74 72 79 20  78 3d 22 32 30 38 30 22
20 79 3d 22 39 30 30 22  20 77 69 64 74 68 3d 22
34 30 22 20 68 65 69 67  68 74 3d 22 36 30 22 20
61 73 3d 22 67 65 6f 6d  65 74 72 79 22 2f 3e 0a
20 20 20 20 20 20 20 20  3c 2f 6d 78 43 65 6c 6c
3e 0a 0a 20 20 20 20 20  20 20 20 3c 6d 78 43 65
6c 6c 20 69 64 3d 22 63  75 63 30 31 22 20 76 61
6c 75 65 3d 22 43 55 2d  43 30 31 26 23 78 61 3b
53 27 69 6e 73 63 72 69  72 65 20 2f 20 53 65 20
63 6f 6e 6e 65 63 74 65  72 22 20 73 74 79 6c 65
3d 22 65 6c 6c 69 70 73  65 3b 77 68 69 74 65 53
70 61 63 65 3d 77 72 61  70 3b 68 74 6d 6c 3d 31
3b 66 69 6c 6c 43 6f 6c  6f 72 3d 23 64 61 65 38
66 63 3b 73 74 72 6f 6b  65 43 6f 6c 6f 72 3d 23
36 63 38 65 62 66 3b 66  6f 6e 74 53 69 7a 65 3d
31 31 3b 22 20 76 65 72  74 65 78 3d 22 31 22 20
70 61 72 65 6e 74 3d 22  31 22 3e 0a 20 20 20 20
20 20 20 20 20 20 3c 6d  78 47 65 6f 6d 65 74 72
79 20 78 3d 22 33 32 30  22 20 79 3d 22 36 30 22
20 77 69 64 74 68 3d 22  32 30 30 22 20 68 65 69
67 68 74 3d 22 37 30 22  20 61 73 3d 22 67 65 6f
6d 65 74 72 79 22 2f 3e  0a 20 20 20 20 20 20 20
20 3c 2f 6d 78 43 65 6c  6c 3e 0a 20 20 20 20 20
20 20 20 3c 6d 78 43 65  6c 6c 20 69 64 3d 22 63
75 63 30 32 22 20 76 61  6c 75 65 3d 22 43 55 2d
43 30 32 26 23 78 61 3b  43 6f 6e 73 75 6c 74 65
72 20 6c 65 73 20 73 65  72 76 69 63 65 73 22 20
73 74 79 6c 65 3d 22 65  6c 6c 69 70 73 65 3b 77
68 69 74 65 53 70 61 63  65 3d 77 72 61 70 3b 68
74 6d 6c 3d 31 3b 66 69  6c 6c 43 6f 6c 6f 72 3d
23 64 61 65 38 66 63 3b  73 74 72 6f 6b 65 43 6f
6c 6f 72 3d 23 36 63 38  65 62 66 3b 66 6f 6e 74
53 69 7a 65 3d 31 31 3b  22 20 76 65 72 74 65 78
3d 22 31 22 20 70 61 72  65 6e 74 3d 22 31 22 3e
0a 20 20 20 20 20 20 20  20 20 20 3c 6d 78 47 65
6f 6d 65 74 72 79 20 78  3d 22 33 32 30 22 20 79
3d 22 31 35 30 22 20 77  69 64 74 68 3d 22 32 30
30 22 20 68 65 69 67 68  74 3d 22 37 30 22 20 61
73 3d 22 67 65 6f 6d 65  74 72 79 22 2f 3e 0a 20
20 20 20 20 20 20 20 3c  2f 6d 78 43 65 6c 6c 3e
0a 20 20 20 20 20 20 20  20 3c 6d 78 43 65 6c 6c
20 69 64 3d 22 63 75 63  30 33 22 20 76 61 6c 75
65 3d 22 43 55 2d 43 30  33 26 23 78 61 3b 50 72
65 6e 64 72 65 20 75 6e  20 72 65 6e 64 65 7a 2d
76 6f 75 73 22 20 73 74  79 6c 65 3d 22 65 6c 6c
69 70 73 65 3b 77 68 69  74 65 53 70 61 63 65 3d
77 72 61 70 3b 68 74 6d  6c 3d 31 3b 66 69 6c 6c
43 6f 6c 6f 72 3d 23 64  61 65 38 66 63 3b 73 74
72 6f 6b 65 43 6f 6c 6f  72 3d 23 36 63 38 65 62
66 3b 66 6f 6e 74 53 69  7a 65 3d 31 31 3b 22 20
76 65 72 74 65 78 3d 22  31 22 20 70 61 72 65 6e
74 3d 22 31 22 3e 0a 20  20 20 20 20 20 20 20 20
20 3c 6d 78 47 65 6f 6d  65 74 72 79 20 78 3d 22
33 32 30 22 20 79 3d 22  32 34 30 22 20 77 69 64
74 68 3d 22 32 30 30 22  20 68 65 69 67 68 74 3d
22 37 30 22 20 61 73 3d  22 67 65 6f 6d 65 74 72
79 22 2f 3e 0a 20 20 20  20 20 20 20 20 3c 2f 6d
78 43 65 6c 6c 3e 0a 20  20 20 20 20 20 20 20 3c
6d 78 43 65 6c 6c 20 69  64 3d 22 63 75 63 30 34
22 20 76 61 6c 75 65 3d  22 43 55 2d 43 30 34 26
23 78 61 3b 43 6f 6e 73  75 6c 74 65 72 20 73 65
73 20 72 65 6e 64 65 7a  2d 76 6f 75 73 22 20 73
74 79 6c 65 3d 22 65 6c  6c 69 70 73 65 3b 77 68
69 74 65 53 70 61 63 65  3d 77 72 61 70 3b 68 74
6d 6c 3d 31 3b 66 69 6c  6c 43 6f 6c 6f 72 3d 23
64 61 65 38 66 63 3b 73  74 72 6f 6b 65 43 6f 6c
6f 72 3d 23 36 63 38 65  62 66 3b 66 6f 6e 74 53
69 7a 65 3d 31 31 3b 22  20 76 65 72 74 65 78 3d
22 31 22 20 70 61 72 65  6e 74 3d 22 31 22 3e 0a
20 20 20 20 20 20 20 20  20 20 3c 6d 78 47 65 6f
6d 65 74 72 79 20 78 3d  22 33 32 30 22 20 79 3d
22 33 33 30 22 20 77 69  64 74 68 3d 22 32 30 30
22 20 68 65 69 67 68 74  3d 22 37 30 22 20 61 73
3d 22 67 65 6f 6d 65 74  72 79 22 2f 3e 0a 20 20
20 20 20 20 20 20 3c 2f  6d 78 43 65 6c 6c 3e 0a
20 20 20 20 20 20 20 20  3c 6d 78 43 65 6c 6c 20
69 64 3d 22 63 75 63 30  35 22 20 76 61 6c 75 65
3d 22 43 55 2d 43 30 35  26 23 78 61 3b 41 6e 6e
75 6c 65 72 20 75 6e 20  72 65 6e 64 65 7a 2d 76
6f 75 73 22 20 73 74 79  6c 65 3d 22 65 6c 6c 69
70 73 65 3b 77 68 69 74  65 53 70 61 63 65 3d 77
72 61 70 3b 68 74 6d 6c  3d 31 3b 66 69 6c 6c 43
6f 6c 6f 72 3d 23 64 61  65 38 66 63 3b 73 74 72
6f 6b 65 43 6f 6c 6f 72  3d 23 36 63 38 65 62 66
3b 66 6f 6e 74 53 69 7a  65 3d 31 31 3b 22 20 76
65 72 74 65 78 3d 22 31  22 20 70 61 72 65 6e 74
3d 22 31 22 3e 0a 20 20  20 20 20 20 20 20 20 20
3c 6d 78 47 65 6f 6d 65  74 72 79 20 78 3d 22 33
32 30 22 20 79 3d 22 34  32 30 22 20 77 69 64 74
68 3d 22 32 30 30 22 20  68 65 69 67 68 74 3d 22
37 30 22 20 61 73 3d 22  67 65 6f 6d 65 74 72 79
22 2f 3e 0a 20 20 20 20  20 20 20 20 3c 2f 6d 78
43 65 6c 6c 3e 0a 20 20  20 20 20 20 20 20 3c 6d
78 43 65 6c 6c 20 69 64  3d 22 63 75 63 30 36 22
20 76 61 6c 75 65 3d 22  43 55 2d 43 30 36 26 23
78 61 3b 45 66 66 65 63  74 75 65 72 20 75 6e 20
70 61 69 65 6d 65 6e 74  22 20 73 74 79 6c 65 3d
22 65 6c 6c 69 70 73 65  3b 77 68 69 74 65 53 70
61 63 65 3d 77 72 61 70  3b 68 74 6d 6c 3d 31 3b
66 69 6c 6c 43 6f 6c 6f  72 3d 23 64 61 65 38 66
63 3b 73 74 72 6f 6b 65  43 6f 6c 6f 72 3d 23 36
63 38 65 62 66 3b 66 6f  6e 74 53 69 7a 65 3d 31
31 3b 22 20 76 65 72 74  65 78 3d 22 31 22 20 70
61 72 65 6e 74 3d 22 31  22 3e 0a 20 20 20 20 20
20 20 20 20 20 3c 6d 78  47 65 6f 6d 65 74 72 79
20 78 3d 22 33 32 30 22  20 79 3d 22 35 31 30 22
20 77 69 64 74 68 3d 22  32 30 30 22 20 68 65 69
67 68 74 3d 22 37 30 22  20 61 73 3d 22 67 65 6f
6d 65 74 72 79 22 2f 3e  0a 20 20 20 20 20 20 20
20 3c 2f 6d 78 43 65 6c  6c 3e 0a 20 20 20 20 20
20 20 20 3c 6d 78 43 65  6c 6c 20 69 64 3d 22 63
75 63 30 37 22 20 76 61  6c 75 65 3d 22 43 55 2d
43 30 37 26 23 78 61 3b  43 6f 6e 73 75 6c 74 65
72 20 68 69 73 74 6f 72  69 71 75 65 20 70 61 69
65 6d 65 6e 74 73 22 20  73 74 79 6c 65 3d 22 65
6c 6c 69 70 73 65 3b 77  68 69 74 65 53 70 61 63
65 3d 77 72 61 70 3b 68  74 6d 6c 3d 31 3b 66 69
6c 6c 43 6f 6c 6f 72 3d  23 64 61 65 38 66 63 3b
73 74 72 6f 6b 65 43 6f  6c 6f 72 3d 23 36 63 38
65 62 66 3b 66 6f 6e 74  53 69 7a 65 3d 31 31 3b
22 20 76 65 72 74 65 78  3d 22 31 22 20 70 61 72
65 6e 74 3d 22 31 22 3e  0a 20 20 20 20 20 20 20
20 20 20 3c 6d 78 47 65  6f 6d 65 74 72 79 20 78
3d 22 33 32 30 22 20 79  3d 22 36 30 30 22 20 77
69 64 74 68 3d 22 32 30  30 22 20 68 65 69 67 68
74 3d 22 37 30 22 20 61  73 3d 22 67 65 6f 6d 65
74 72 79 22 2f 3e 0a 20  20 20 20 20 20 20 20 3c
2f 6d 78 43 65 6c 6c 3e  0a 20 20 20 20 20 20 20
20 3c 6d 78 43 65 6c 6c  20 69 64 3d 22 63 75 63
30 38 22 20 76 61 6c 75  65 3d 22 43 55 2d 43 30
38 26 23 78 61 3b 47 c3  a9 72 65 72 20 73 6f 6e
20 70 72 6f 66 69 6c 22  20 73 74 79 6c 65 3d 22
65 6c 6c 69 70 73 65 3b  77 68 69 74 65 53 70 61
63 65 3d 77 72 61 70 3b  68 74 6d 6c 3d 31 3b 66
69 6c 6c 43 6f 6c 6f 72  3d 23 64 61 65 38 66 63
3b 73 74 72 6f 6b 65 43  6f 6c 6f 72 3d 23 36 63
38 65 62 66 3b 66 6f 6e  74 53 69 7a 65 3d 31 31
3b 22 20 76 65 72 74 65  78 3d 22 31 22 20 70 61
72 65 6e 74 3d 22 31 22  3e 0a 20 20 20 20 20 20
20 20 20 20 3c 6d 78 47  65 6f 6d 65 74 72 79 20
78 3d 22 33 32 30 22 20  79 3d 22 36 39 30 22 20
77 69 64 74 68 3d 22 32  30 30 22 20 68 65 69 67
68 74 3d 22 37 30 22 20  61 73 3d 22 67 65 6f 6d
65 74 72 79 22 2f 3e 0a  20 20 20 20 20 20 20 20
3c 2f 6d 78 43 65 6c 6c  3e 0a 20 20 20 20 20 20
20 20 3c 6d 78 43 65 6c  6c 20 69 64 3d 22 63 75
63 30 39 22 20 76 61 6c  75 65 3d 22 43 55 2d 43
30 39 26 23 78 61 3b 43  6f 6e 73 75 6c 74 65 72
20 70 6f 69 6e 74 73 20  64 65 20 66 69 64 c3 a9
6c 69 74 c3 a9 22 20 73  74 79 6c 65 3d 22 65 6c
6c 69 70 73 65 3b 77 68  69 74 65 53 70 61 63 65
3d 77 72 61 70 3b 68 74  6d 6c 3d 31 3b 66 69 6c
6c 43 6f 6c 6f 72 3d 23  64 61 65 38 66 63 3b 73
74 72 6f 6b 65 43 6f 6c  6f 72 3d 23 36 63 38 65
62 66 3b 66 6f 6e 74 53  69 7a 65 3d 31 31 3b 22
20 76 65 72 74 65 78 3d  22 31 22 20 70 61 72 65
6e 74 3d 22 31 22 3e 0a  20 20 20 20 20 20 20 20
20 20 3c 6d 78 47 65 6f  6d 65 74 72 79 20 78 3d
22 33 32 30 22 20 79 3d  22 37 38 30 22 20 77 69
64 74 68 3d 22 32 30 30  22 20 68 65 69 67 68 74
3d 22 37 30 22 20 61 73  3d 22 67 65 6f 6d 65 74
72 79 22 2f 3e 0a 20 20  20 20 20 20 20 20 3c 2f
6d 78 43 65 6c 6c 3e 0a  20 20 20 20 20 20 20 20
3c 6d 78 43 65 6c 6c 20  69 64 3d 22 63 75 63 31
30 22 20 76 61 6c 75 65  3d 22 43 55 2d 43 31 30
26 23 78 61 3b 52 65 63  65 76 6f 69 72 20 64 65
73 20 6e 6f 74 69 66 69  63 61 74 69 6f 6e 73 22
20 73 74 79 6c 65 3d 22  65 6c 6c 69 70 73 65 3b
77 68 69 74 65 53 70 61  63 65 3d 77 72 61 70 3b
68 74 6d 6c 3d 31 3b 66  69 6c 6c 43 6f 6c 6f 72
3d 23 64 61 65 38 66 63  3b 73 74 72 6f 6b 65 43
6f 6c 6f 72 3d 23 36 63  38 65 62 66 3b 66 6f 6e
74 53 69 7a 65 3d 31 31  3b 22 20 76 65 72 74 65
78 3d 22 31 22 20 70 61  72 65 6e 74 3d 22 31 22
3e 0a 20 20 20 20 20 20  20 20 20 20 3c 6d 78 47
65 6f 6d 65 74 72 79 20  78 3d 22 33 32 30 22 20
79 3d 22 38 37 30 22 20  77 69 64 74 68 3d 22 32
30 30 22 20 68 65 69 67  68 74 3d 22 37 30 22 20
61 73 3d 22 67 65 6f 6d  65 74 72 79 22 2f 3e 0a
20 20 20 20 20 20 20 20  3c 2f 6d 78 43 65 6c 6c
3e 0a 20 20 20 20 20 20  20 20 3c 6d 78 43 65 6c
6c 20 69 64 3d 22 63 75  63 31 31 22 20 76 61 6c
75 65 3d 22 43 55 2d 43  31 31 26 23 78 61 3b 55
74 69 6c 69 73 65 72 20  6c 65 20 63 68 61 74 62
6f 74 22 20 73 74 79 6c  65 3d 22 65 6c 6c 69 70
73 65 3b 77 68 69 74 65  53 70 61 63 65 3d 77 72
61 70 3b 68 74 6d 6c 3d  31 3b 66 69 6c 6c 43 6f
6c 6f 72 3d 23 64 61 65  38 66 63 3b 73 74 72 6f
6b 65 43 6f 6c 6f 72 3d  23 36 63 38 65 62 66 3b
66 6f 6e 74 53 69 7a 65  3d 31 31 3b 22 20 76 65
72 74 65 78 3d 22 31 22  20 70 61 72 65 6e 74 3d
22 31 22 3e 0a 20 20 20  20 20 20 20 20 20 20 3c
6d 78 47 65 6f 6d 65 74  72 79 20 78 3d 22 33 32
30 22 20 79 3d 22 39 36  30 22 20 77 69 64 74 68
3d 22 32 30 30 22 20 68  65 69 67 68 74 3d 22 37
30 22 20 61 73 3d 22 67  65 6f 6d 65 74 72 79 22
2f 3e 0a 20 20 20 20 20  20 20 20 3c 2f 6d 78 43
65 6c 6c 3e 0a 0a 20 20  20 20 20 20 20 20 3c 6d
78 43 65 6c 6c 20 69 64  3d 22 63 75 63 49 6e 63
31 22 20 76 61 6c 75 65  3d 22 56 c3 a9 72 69 66
69 65 72 20 64 69 73 70  6f 6e 69 62 69 6c 69 74
c3 a9 22 20 73 74 79 6c  65 3d 22 65 6c 6c 69 70
73 65 3b 77 68 69 74 65  53 70 61 63 65 3d 77 72
61 70 3b 68 74 6d 6c 3d  31 3b 66 69 6c 6c 43 6f
6c 6f 72 3d 23 66 35 66  35 66 35 3b 73 74 72 6f
6b 65 43 6f 6c 6f 72 3d  23 36 36 36 36 36 36 3b
66 6f 6e 74 53 69 7a 65  3d 31 31 3b 66 6f 6e 74
43 6f 6c 6f 72 3d 23 33  33 33 33 33 33 3b 22 20
76 65 72 74 65 78 3d 22  31 22 20 70 61 72 65 6e
74 3d 22 31 22 3e 0a 20  20 20 20 20 20 20 20 20
20 3c 6d 78 47 65 6f 6d  65 74 72 79 20 78 3d 22
36 32 30 22 20 79 3d 22  32 30 30 22 20 77 69 64
74 68 3d 22 31 38 30 22  20 68 65 69 67 68 74 3d
22 36 30 22 20 61 73 3d  22 67 65 6f 6d 65 74 72
79 22 2f 3e 0a 20 20 20  20 20 20 20 20 3c 2f 6d
78 43 65 6c 6c 3e 0a 20  20 20 20 20 20 20 20 3c
6d 78 43 65 6c 6c 20 69  64 3d 22 63 75 63 49 6e
63 32 22 20 76 61 6c 75  65 3d 22 53 c3 a9 6c 65
63 74 69 6f 6e 6e 65 72  20 6d c3 a9 74 68 6f 64
65 26 23 78 61 3b 64 65  20 70 61 69 65 6d 65 6e
74 22 20 73 74 79 6c 65  3d 22 65 6c 6c 69 70 73
65 3b 77 68 69 74 65 53  70 61 63 65 3d 77 72 61
70 3b 68 74 6d 6c 3d 31  3b 66 69 6c 6c 43 6f 6c
6f 72 3d 23 66 35 66 35  66 35 3b 73 74 72 6f 6b
65 43 6f 6c 6f 72 3d 23  36 36 36 36 36 36 3b 66
6f 6e 74 53 69 7a 65 3d  31 31 3b 66 6f 6e 74 43
6f 6c 6f 72 3d 23 33 33  33 33 33 33 3b 22 20 76
65 72 74 65 78 3d 22 31  22 20 70 61 72 65 6e 74
3d 22 31 22 3e 0a 20 20  20 20 20 20 20 20 20 20
3c 6d 78 47 65 6f 6d 65  74 72 79 20 78 3d 22 36
32 30 22 20 79 3d 22 35  31 30 22 20 77 69 64 74
68 3d 22 31 38 30 22 20  68 65 69 67 68 74 3d 22
36 30 22 20 61 73 3d 22  67 65 6f 6d 65 74 72 79
22 2f 3e 0a 20 20 20 20  20 20 20 20 3c 2f 6d 78
43 65 6c 6c 3e 0a 0a 20  20 20 20 20 20 20 20 3c
6d 78 43 65 6c 6c 20 69  64 3d 22 63 75 65 30 31
22 20 76 61 6c 75 65 3d  22 43 55 2d 45 30 31 26
23 78 61 3b 53 65 20 63  6f 6e 6e 65 63 74 65 72
22 20 73 74 79 6c 65 3d  22 65 6c 6c 69 70 73 65
3b 77 68 69 74 65 53 70  61 63 65 3d 77 72 61 70
3b 68 74 6d 6c 3d 31 3b  66 69 6c 6c 43 6f 6c 6f
72 3d 23 64 35 65 38 64  34 3b 73 74 72 6f 6b 65
43 6f 6c 6f 72 3d 23 38  32 62 33 36 36 3b 66 6f
6e 74 53 69 7a 65 3d 31  31 3b 22 20 76 65 72 74
65 78 3d 22 31 22 20 70  61 72 65 6e 74 3d 22 31
22 3e 0a 20 20 20 20 20  20 20 20 20 20 3c 6d 78
47 65 6f 6d 65 74 72 79  20 78 3d 22 31 37 30 30
22 20 79 3d 22 36 30 22  20 77 69 64 74 68 3d 22
32 30 30 22 20 68 65 69  67 68 74 3d 22 37 30 22
20 61 73 3d 22 67 65 6f  6d 65 74 72 79 22 2f 3e
0a 20 20 20 20 20 20 20  20 3c 2f 6d 78 43 65 6c
6c 3e 0a 20 20 20 20 20  20 20 20 3c 6d 78 43 65
6c 6c 20 69 64 3d 22 63  75 65 30 32 22 20 76 61
6c 75 65 3d 22 43 55 2d  45 30 32 26 23 78 61 3b
43 6f 6e 73 75 6c 74 65  72 20 73 6f 6e 20 70 6c
61 6e 6e 69 6e 67 22 20  73 74 79 6c 65 3d 22 65
6c 6c 69 70 73 65 3b 77  68 69 74 65 53 70 61 63
65 3d 77 72 61 70 3b 68  74 6d 6c 3d 31 3b 66 69
6c 6c 43 6f 6c 6f 72 3d  23 64 35 65 38 64 34 3b
73 74 72 6f 6b 65 43 6f  6c 6f 72 3d 23 38 32 62
33 36 36 3b 66 6f 6e 74  53 69 7a 65 3d 31 31 3b
22 20 76 65 72 74 65 78  3d 22 31 22 20 70 61 72
65 6e 74 3d 22 31 22 3e  0a 20 20 20 20 20 20 20
20 20 20 3c 6d 78 47 65  6f 6d 65 74 72 79 20 78
3d 22 31 37 30 30 22 20  79 3d 22 31 35 30 22 20
77 69 64 74 68 3d 22 32  30 30 22 20 68 65 69 67
68 74 3d 22 37 30 22 20  61 73 3d 22 67 65 6f 6d
65 74 72 79 22 2f 3e 0a  20 20 20 20 20 20 20 20
3c 2f 6d 78 43 65 6c 6c  3e 0a 20 20 20 20 20 20
20 20 3c 6d 78 43 65 6c  6c 20 69 64 3d 22 63 75
65 30 33 22 20 76 61 6c  75 65 3d 22 43 55 2d 45
30 33 26 23 78 61 3b 47  c3 a9 72 65 72 20 73 65
73 20 72 65 6e 64 65 7a  2d 76 6f 75 73 22 20 73
74 79 6c 65 3d 22 65 6c  6c 69 70 73 65 3b 77 68
69 74 65 53 70 61 63 65  3d 77 72 61 70 3b 68 74
6d 6c 3d 31 3b 66 69 6c  6c 43 6f 6c 6f 72 3d 23
64 35 65 38 64 34 3b 73  74 72 6f 6b 65 43 6f 6c
6f 72 3d 23 38 32 62 33  36 36 3b 66 6f 6e 74 53
69 7a 65 3d 31 31 3b 22  20 76 65 72 74 65 78 3d
22 31 22 20 70 61 72 65  6e 74 3d 22 31 22 3e 0a
20 20 20 20 20 20 20 20  20 20 3c 6d 78 47 65 6f
6d 65 74 72 79 20 78 3d  22 31 37 30 30 22 20 79
3d 22 32 34 30 22 20 77  69 64 74 68 3d 22 32 30
30 22 20 68 65 69 67 68  74 3d 22 37 30 22 20 61
73 3d 22 67 65 6f 6d 65  74 72 79 22 2f 3e 0a 20
20 20 20 20 20 20 20 3c  2f 6d 78 43 65 6c 6c 3e
0a 20 20 20 20 20 20 20  20 3c 6d 78 43 65 6c 6c
20 69 64 3d 22 63 75 65  30 34 22 20 76 61 6c 75
65 3d 22 43 55 2d 45 30  34 26 23 78 61 3b 4d 6f
64 69 66 69 65 72 20 73  74 61 74 75 74 20 52 44
56 22 20 73 74 79 6c 65  3d 22 65 6c 6c 69 70 73
65 3b 77 68 69 74 65 53  70 61 63 65 3d 77 72 61
70 3b 68 74 6d 6c 3d 31  3b 66 69 6c 6c 43 6f 6c
6f 72 3d 23 64 35 65 38  64 34 3b 73 74 72 6f 6b
65 43 6f 6c 6f 72 3d 23  38 32 62 33 36 36 3b 66
6f 6e 74 53 69 7a 65 3d  31 31 3b 22 20 76 65 72
74 65 78 3d 22 31 22 20  70 61 72 65 6e 74 3d 22
31 22 3e 0a 20 20 20 20  20 20 20 20 20 20 3c 6d
78 47 65 6f 6d 65 74 72  79 20 78 3d 22 31 37 30
30 22 20 79 3d 22 33 33  30 22 20 77 69 64 74 68
3d 22 32 30 30 22 20 68  65 69 67 68 74 3d 22 37
30 22 20 61 73 3d 22 67  65 6f 6d 65 74 72 79 22
2f 3e 0a 20 20 20 20 20  20 20 20 3c 2f 6d 78 43
65 6c 6c 3e 0a 20 20 20  20 20 20 20 20 3c 6d 78
43 65 6c 6c 20 69 64 3d  22 63 75 65 30 35 22 20
76 61 6c 75 65 3d 22 43  55 2d 45 30 35 26 23 78
61 3b 44 65 6d 61 6e 64  65 72 20 75 6e 20 63 6f
6e 67 c3 a9 22 20 73 74  79 6c 65 3d 22 65 6c 6c
69 70 73 65 3b 77 68 69  74 65 53 70 61 63 65 3d
77 72 61 70 3b 68 74 6d  6c 3d 31 3b 66 69 6c 6c
43 6f 6c 6f 72 3d 23 64  35 65 38 64 34 3b 73 74
72 6f 6b 65 43 6f 6c 6f  72 3d 23 38 32 62 33 36
36 3b 66 6f 6e 74 53 69  7a 65 3d 31 31 3b 22 20
76 65 72 74 65 78 3d 22  31 22 20 70 61 72 65 6e
74 3d 22 31 22 3e 0a 20  20 20 20 20 20 20 20 20
20 3c 6d 78 47 65 6f 6d  65 74 72 79 20 78 3d 22
31 37 30 30 22 20 79 3d  22 34 32 30 22 20 77 69
64 74 68 3d 22 32 30 30  22 20 68 65 69 67 68 74
3d 22 37 30 22 20 61 73  3d 22 67 65 6f 6d 65 74
72 79 22 2f 3e 0a 20 20  20 20 20 20 20 20 3c 2f
6d 78 43 65 6c 6c 3e 0a  20 20 20 20 20 20 20 20
3c 6d 78 43 65 6c 6c 20  69 64 3d 22 63 75 65 30
36 22 20 76 61 6c 75 65  3d 22 43 55 2d 45 30 36
26 23 78 61 3b 45 6e 76  6f 79 65 72 20 6d 65 73
73 61 67 65 20 c3 a0 20  6c 27 61 64 6d 69 6e 22
20 73 74 79 6c 65 3d 22  65 6c 6c 69 70 73 65 3b
77 68 69 74 65 53 70 61  63 65 3d 77 72 61 70 3b
68 74 6d 6c 3d 31 3b 66  69 6c 6c 43 6f 6c 6f 72
3d 23 64 35 65 38 64 34  3b 73 74 72 6f 6b 65 43
6f 6c 6f 72 3d 23 38 32  62 33 36 36 3b 66 6f 6e
74 53 69 7a 65 3d 31 31  3b 22 20 76 65 72 74 65
78 3d 22 31 22 20 70 61  72 65 6e 74 3d 22 31 22
3e 0a 20 20 20 20 20 20  20 20 20 20 3c 6d 78 47
65 6f 6d 65 74 72 79 20  78 3d 22 31 37 30 30 22
20 79 3d 22 35 31 30 22  20 77 69 64 74 68 3d 22
32 30 30 22 20 68 65 69  67 68 74 3d 22 37 30 22
20 61 73 3d 22 67 65 6f  6d 65 74 72 79 22 2f 3e
0a 20 20 20 20 20 20 20  20 3c 2f 6d 78 43 65 6c
6c 3e 0a 20 20 20 20 20  20 20 20 3c 6d 78 43 65
6c 6c 20 69 64 3d 22 63  75 65 30 37 22 20 76 61
6c 75 65 3d 22 43 55 2d  45 30 37 26 23 78 61 3b
45 6e 72 65 67 69 73 74  72 65 72 20 75 6e 20 70
61 69 65 6d 65 6e 74 22  20 73 74 79 6c 65 3d 22
65 6c 6c 69 70 73 65 3b  77 68 69 74 65 53 70 61
63 65 3d 77 72 61 70 3b  68 74 6d 6c 3d 31 3b 66
69 6c 6c 43 6f 6c 6f 72  3d 23 64 35 65 38 64 34
3b 73 74 72 6f 6b 65 43  6f 6c 6f 72 3d 23 38 32
62 33 36 36 3b 66 6f 6e  74 53 69 7a 65 3d 31 31
3b 22 20 76 65 72 74 65  78 3d 22 31 22 20 70 61
72 65 6e 74 3d 22 31 22  3e 0a 20 20 20 20 20 20
20 20 20 20 3c 6d 78 47  65 6f 6d 65 74 72 79 20
78 3d 22 31 37 30 30 22  20 79 3d 22 36 30 30 22
20 77 69 64 74 68 3d 22  32 30 30 22 20 68 65 69
67 68 74 3d 22 37 30 22  20 61 73 3d 22 67 65 6f
6d 65 74 72 79 22 2f 3e  0a 20 20 20 20 20 20 20
20 3c 2f 6d 78 43 65 6c  6c 3e 0a 20 20 20 20 20
20 20 20 3c 6d 78 43 65  6c 6c 20 69 64 3d 22 63
75 65 30 38 22 20 76 61  6c 75 65 3d 22 43 55 2d
45 30 38 26 23 78 61 3b  43 6f 6e 73 75 6c 74 65
72 20 6c 65 73 20 73 65  72 76 69 63 65 73 22 20
73 74 79 6c 65 3d 22 65  6c 6c 69 70 73 65 3b 77
68 69 74 65 53 70 61 63  65 3d 77 72 61 70 3b 68
74 6d 6c 3d 31 3b 66 69  6c 6c 43 6f 6c 6f 72 3d
23 64 35 65 38 64 34 3b  73 74 72 6f 6b 65 43 6f
6c 6f 72 3d 23 38 32 62  33 36 36 3b 66 6f 6e 74
53 69 7a 65 3d 31 31 3b  22 20 76 65 72 74 65 78
3d 22 31 22 20 70 61 72  65 6e 74 3d 22 31 22 3e
0a 20 20 20 20 20 20 20  20 20 20 3c 6d 78 47 65
6f 6d 65 74 72 79 20 78  3d 22 31 37 30 30 22 20
79 3d 22 36 39 30 22 20  77 69 64 74 68 3d 22 32
30 30 22 20 68 65 69 67  68 74 3d 22 37 30 22 20
61 73 3d 22 67 65 6f 6d  65 74 72 79 22 2f 3e 0a
20 20 20 20 20 20 20 20  3c 2f 6d 78 43 65 6c 6c
3e 0a 0a 20 20 20 20 20  20 20 20 3c 6d 78 43 65
6c 6c 20 69 64 3d 22 63  75 61 30 31 22 20 76 61
6c 75 65 3d 22 43 55 2d  41 30 31 26 23 78 61 3b
53 65 20 63 6f 6e 6e 65  63 74 65 72 22 20 73 74
79 6c 65 3d 22 65 6c 6c  69 70 73 65 3b 77 68 69
74 65 53 70 61 63 65 3d  77 72 61 70 3b 68 74 6d
6c 3d 31 3b 66 69 6c 6c  43 6f 6c 6f 72 3d 23 66
38 63 65 63 63 3b 73 74  72 6f 6b 65 43 6f 6c 6f
72 3d 23 62 38 35 34 35  30 3b 66 6f 6e 74 53 69
7a 65 3d 31 31 3b 22 20  76 65 72 74 65 78 3d 22
31 22 20 70 61 72 65 6e  74 3d 22 31 22 3e 0a 20
20 20 20 20 20 20 20 20  20 3c 6d 78 47 65 6f 6d
65 74 72 79 20 78 3d 22  31 30 30 30 22 20 79 3d
22 37 38 30 22 20 77 69  64 74 68 3d 22 32 30 30
22 20 68 65 69 67 68 74  3d 22 37 30 22 20 61 73
3d 22 67 65 6f 6d 65 74  72 79 22 2f 3e 0a 20 20
20 20 20 20 20 20 3c 2f  6d 78 43 65 6c 6c 3e 0a
20 20 20 20 20 20 20 20  3c 6d 78 43 65 6c 6c 20
69 64 3d 22 63 75 61 30  32 22 20 76 61 6c 75 65
3d 22 43 55 2d 41 30 32  26 23 78 61 3b 47 c3 a9
72 65 72 20 6c 65 73 20  65 6d 70 6c 6f 79 c3 a9
73 20 28 43 52 55 44 29  22 20 73 74 79 6c 65 3d
22 65 6c 6c 69 70 73 65  3b 77 68 69 74 65 53 70
61 63 65 3d 77 72 61 70  3b 68 74 6d 6c 3d 31 3b
66 69 6c 6c 43 6f 6c 6f  72 3d 23 66 38 63 65 63
63 3b 73 74 72 6f 6b 65  43 6f 6c 6f 72 3d 23 62
38 35 34 35 30 3b 66 6f  6e 74 53 69 7a 65 3d 31
31 3b 22 20 76 65 72 74  65 78 3d 22 31 22 20 70
61 72 65 6e 74 3d 22 31  22 3e 0a 20 20 20 20 20
20 20 20 20 20 3c 6d 78  47 65 6f 6d 65 74 72 79
20 78 3d 22 31 30 30 30  22 20 79 3d 22 38 37 30
22 20 77 69 64 74 68 3d  22 32 30 30 22 20 68 65
69 67 68 74 3d 22 37 30  22 20 61 73 3d 22 67 65
6f 6d 65 74 72 79 22 2f  3e 0a 20 20 20 20 20 20
20 20 3c 2f 6d 78 43 65  6c 6c 3e 0a 20 20 20 20
20 20 20 20 3c 6d 78 43  65 6c 6c 20 69 64 3d 22
63 75 61 30 33 22 20 76  61 6c 75 65 3d 22 43 55
2d 41 30 33 26 23 78 61  3b 47 c3 a9 72 65 72 20
6c 65 73 20 73 65 72 76  69 63 65 73 20 28 43 52
55 44 29 22 20 73 74 79  6c 65 3d 22 65 6c 6c 69
70 73 65 3b 77 68 69 74  65 53 70 61 63 65 3d 77
72 61 70 3b 68 74 6d 6c  3d 31 3b 66 69 6c 6c 43
6f 6c 6f 72 3d 23 66 38  63 65 63 63 3b 73 74 72
6f 6b 65 43 6f 6c 6f 72  3d 23 62 38 35 34 35 30
3b 66 6f 6e 74 53 69 7a  65 3d 31 31 3b 22 20 76
65 72 74 65 78 3d 22 31  22 20 70 61 72 65 6e 74
3d 22 31 22 3e 0a 20 20  20 20 20 20 20 20 20 20
3c 6d 78 47 65 6f 6d 65  74 72 79 20 78 3d 22 31
30 30 30 22 20 79 3d 22  39 36 30 22 20 77 69 64
74 68 3d 22 32 30 30 22  20 68 65 69 67 68 74 3d
22 37 30 22 20 61 73 3d  22 67 65 6f 6d 65 74 72
79 22 2f 3e 0a 20 20 20  20 20 20 20 20 3c 2f 6d
78 43 65 6c 6c 3e 0a 20  20 20 20 20 20 20 20 3c
6d 78 43 65 6c 6c 20 69  64 3d 22 63 75 61 30 34
22 20 76 61 6c 75 65 3d  22 43 55 2d 41 30 34 26
23 78 61 3b 47 c3 a9 72  65 72 20 6c 65 73 20 72
65 6e 64 65 7a 2d 76 6f  75 73 22 20 73 74 79 6c
65 3d 22 65 6c 6c 69 70  73 65 3b 77 68 69 74 65
53 70 61 63 65 3d 77 72  61 70 3b 68 74 6d 6c 3d
31 3b 66 69 6c 6c 43 6f  6c 6f 72 3d 23 66 38 63
65 63 63 3b 73 74 72 6f  6b 65 43 6f 6c 6f 72 3d
23 62 38 35 34 35 30 3b  66 6f 6e 74 53 69 7a 65
3d 31 31 3b 22 20 76 65  72 74 65 78 3d 22 31 22
20 70 61 72 65 6e 74 3d  22 31 22 3e 0a 20 20 20
20 20 20 20 20 20 20 3c  6d 78 47 65 6f 6d 65 74
72 79 20 78 3d 22 31 30  30 30 22 20 79 3d 22 31
30 35 30 22 20 77 69 64  74 68 3d 22 32 30 30 22
20 68 65 69 67 68 74 3d  22 37 30 22 20 61 73 3d
22 67 65 6f 6d 65 74 72  79 22 2f 3e 0a 20 20 20
20 20 20 20 20 3c 2f 6d  78 43 65 6c 6c 3e 0a 20
20 20 20 20 20 20 20 3c  6d 78 43 65 6c 6c 20 69
64 3d 22 63 75 61 30 35  22 20 76 61 6c 75 65 3d
22 43 55 2d 41 30 35 26  23 78 61 3b 47 c3 a9 72
65 72 20 6c 65 20 70 6c  61 6e 6e 69 6e 67 22 20
73 74 79 6c 65 3d 22 65  6c 6c 69 70 73 65 3b 77
68 69 74 65 53 70 61 63  65 3d 77 72 61 70 3b 68
74 6d 6c 3d 31 3b 66 69  6c 6c 43 6f 6c 6f 72 3d
23 66 38 63 65 63 63 3b  73 74 72 6f 6b 65 43 6f
6c 6f 72 3d 23 62 38 35  34 35 30 3b 66 6f 6e 74
53 69 7a 65 3d 31 31 3b  22 20 76 65 72 74 65 78
3d 22 31 22 20 70 61 72  65 6e 74 3d 22 31 22 3e
0a 20 20 20 20 20 20 20  20 20 20 3c 6d 78 47 65
6f 6d 65 74 72 79 20 78  3d 22 31 30 30 30 22 20
79 3d 22 31 31 34 30 22  20 77 69 64 74 68 3d 22
32 30 30 22 20 68 65 69  67 68 74 3d 22 37 30 22
20 61 73 3d 22 67 65 6f  6d 65 74 72 79 22 2f 3e
0a 20 20 20 20 20 20 20  20 3c 2f 6d 78 43 65 6c
6c 3e 0a 20 20 20 20 20  20 20 20 3c 6d 78 43 65
6c 6c 20 69 64 3d 22 63  75 61 30 36 22 20 76 61
6c 75 65 3d 22 43 55 2d  41 30 36 26 23 78 61 3b
42 6c 6f 71 75 65 72 20  64 65 73 20 63 72 c3 a9
6e 65 61 75 78 22 20 73  74 79 6c 65 3d 22 65 6c
6c 69 70 73 65 3b 77 68  69 74 65 53 70 61 63 65
3d 77 72 61 70 3b 68 74  6d 6c 3d 31 3b 66 69 6c
6c 43 6f 6c 6f 72 3d 23  66 38 63 65 63 63 3b 73
74 72 6f 6b 65 43 6f 6c  6f 72 3d 23 62 38 35 34
35 30 3b 66 6f 6e 74 53  69 7a 65 3d 31 31 3b 22
20 76 65 72 74 65 78 3d  22 31 22 20 70 61 72 65
6e 74 3d 22 31 22 3e 0a  20 20 20 20 20 20 20 20
20 20 3c 6d 78 47 65 6f  6d 65 74 72 79 20 78 3d
22 31 33 30 30 22 20 79  3d 22 31 31 34 30 22 20
77 69 64 74 68 3d 22 32  30 30 22 20 68 65 69 67
68 74 3d 22 37 30 22 20  61 73 3d 22 67 65 6f 6d
65 74 72 79 22 2f 3e 0a  20 20 20 20 20 20 20 20
3c 2f 6d 78 43 65 6c 6c  3e 0a 20 20 20 20 20 20
20 20 3c 6d 78 43 65 6c  6c 20 69 64 3d 22 63 75
61 30 37 22 20 76 61 6c  75 65 3d 22 43 55 2d 41
30 37 26 23 78 61 3b 41  70 70 72 6f 75 76 65 72
2f 52 65 66 75 73 65 72  20 63 6f 6e 67 c3 a9 73
22 20 73 74 79 6c 65 3d  22 65 6c 6c 69 70 73 65
3b 77 68 69 74 65 53 70  61 63 65 3d 77 72 61 70
3b 68 74 6d 6c 3d 31 3b  66 69 6c 6c 43 6f 6c 6f
72 3d 23 66 38 63 65 63  63 3b 73 74 72 6f 6b 65
43 6f 6c 6f 72 3d 23 62  38 35 34 35 30 3b 66 6f
6e 74 53 69 7a 65 3d 31  31 3b 22 20 76 65 72 74
65 78 3d 22 31 22 20 70  61 72 65 6e 74 3d 22 31
22 3e 0a 20 20 20 20 20  20 20 20 20 20 3c 6d 78
47 65 6f 6d 65 74 72 79  20 78 3d 22 31 30 30 30
22 20 79 3d 22 31 32 33  30 22 20 77 69 64 74 68
3d 22 32 30 30 22 20 68  65 69 67 68 74 3d 22 37
30 22 20 61 73 3d 22 67  65 6f 6d 65 74 72 79 22
2f 3e 0a 20 20 20 20 20  20 20 20 3c 2f 6d 78 43
65 6c 6c 3e 0a 20 20 20  20 20 20 20 20 3c 6d 78
43 65 6c 6c 20 69 64 3d  22 63 75 61 30 38 22 20
76 61 6c 75 65 3d 22 43  55 2d 41 30 38 26 23 78
61 3b 47 c3 a9 72 65 72  20 6c 65 73 20 63 6c 69
65 6e 74 73 22 20 73 74  79 6c 65 3d 22 65 6c 6c
69 70 73 65 3b 77 68 69  74 65 53 70 61 63 65 3d
77 72 61 70 3b 68 74 6d  6c 3d 31 3b 66 69 6c 6c
43 6f 6c 6f 72 3d 23 66  38 63 65 63 63 3b 73 74
72 6f 6b 65 43 6f 6c 6f  72 3d 23 62 38 35 34 35
30 3b 66 6f 6e 74 53 69  7a 65 3d 31 31 3b 22 20
76 65 72 74 65 78 3d 22  31 22 20 70 61 72 65 6e
74 3d 22 31 22 3e 0a 20  20 20 20 20 20 20 20 20
20 3c 6d 78 47 65 6f 6d  65 74 72 79 20 78 3d 22
31 30 30 30 22 20 79 3d  22 31 33 32 30 22 20 77
69 64 74 68 3d 22 32 30  30 22 20 68 65 69 67 68
74 3d 22 37 30 22 20 61  73 3d 22 67 65 6f 6d 65
74 72 79 22 2f 3e 0a 20  20 20 20 20 20 20 20 3c
2f 6d 78 43 65 6c 6c 3e  0a 20 20 20 20 20 20 20
20 3c 6d 78 43 65 6c 6c  20 69 64 3d 22 63 75 61
30 39 22 20 76 61 6c 75  65 3d 22 43 55 2d 41 30
39 26 23 78 61 3b 47 c3  a9 72 65 72 20 6c 65 73
20 70 61 69 65 6d 65 6e  74 73 22 20 73 74 79 6c
65 3d 22 65 6c 6c 69 70  73 65 3b 77 68 69 74 65
53 70 61 63 65 3d 77 72  61 70 3b 68 74 6d 6c 3d
31 3b 66 69 6c 6c 43 6f  6c 6f 72 3d 23 66 38 63
65 63 63 3b 73 74 72 6f  6b 65 43 6f 6c 6f 72 3d
23 62 38 35 34 35 30 3b  66 6f 6e 74 53 69 7a 65
3d 31 31 3b 22 20 76 65  72 74 65 78 3d 22 31 22
20 70 61 72 65 6e 74 3d  22 31 22 3e 0a 20 20 20
20 20 20 20 20 20 20 3c  6d 78 47 65 6f 6d 65 74
72 79 20 78 3d 22 31 33  30 30 22 20 79 3d 22 38
37 30 22 20 77 69 64 74  68 3d 22 32 30 30 22 20
68 65 69 67 68 74 3d 22  37 30 22 20 61 73 3d 22
67 65 6f 6d 65 74 72 79  22 2f 3e 0a 20 20 20 20
20 20 20 20 3c 2f 6d 78  43 65 6c 6c 3e 0a 20 20
20 20 20 20 20 20 3c 6d  78 43 65 6c 6c 20 69 64
3d 22 63 75 61 31 30 22  20 76 61 6c 75 65 3d 22
43 55 2d 41 31 30 26 23  78 61 3b 47 c3 a9 72 65
72 20 6c 65 73 20 73 74  6f 63 6b 73 22 20 73 74
79 6c 65 3d 22 65 6c 6c  69 70 73 65 3b 77 68 69
74 65 53 70 61 63 65 3d  77 72 61 70 3b 68 74 6d
6c 3d 31 3b 66 69 6c 6c  43 6f 6c 6f 72 3d 23 66
38 63 65 63 63 3b 73 74  72 6f 6b 65 43 6f 6c 6f
72 3d 23 62 38 35 34 35  30 3b 66 6f 6e 74 53 69
7a 65 3d 31 31 3b 22 20  76 65 72 74 65 78 3d 22
31 22 20 70 61 72 65 6e  74 3d 22 31 22 3e 0a 20
20 20 20 20 20 20 20 20  20 3c 6d 78 47 65 6f 6d
65 74 72 79 20 78 3d 22  31 33 30 30 22 20 79 3d
22 39 36 30 22 20 77 69  64 74 68 3d 22 32 30 30
22 20 68 65 69 67 68 74  3d 22 37 30 22 20 61 73
3d 22 67 65 6f 6d 65 74  72 79 22 2f 3e 0a 20 20
20 20 20 20 20 20 3c 2f  6d 78 43 65 6c 6c 3e 0a
20 20 20 20 20 20 20 20  3c 6d 78 43 65 6c 6c 20
69 64 3d 22 63 75 61 31  31 22 20 76 61 6c 75 65
3d 22 43 55 2d 41 31 31  26 23 78 61 3b 43 6f 6e
73 75 6c 74 65 72 20 72  61 70 70 6f 72 74 73 2f
73 74 61 74 69 73 74 69  71 75 65 73 22 20 73 74
79 6c 65 3d 22 65 6c 6c  69 70 73 65 3b 77 68 69
74 65 53 70 61 63 65 3d  77 72 61 70 3b 68 74 6d
6c 3d 31 3b 66 69 6c 6c  43 6f 6c 6f 72 3d 23 66
38 63 65 63 63 3b 73 74  72 6f 6b 65 43 6f 6c 6f
72 3d 23 62 38 35 34 35  30 3b 66 6f 6e 74 53 69
7a 65 3d 31 31 3b 22 20  76 65 72 74 65 78 3d 22
31 22 20 70 61 72 65 6e  74 3d 22 31 22 3e 0a 20
20 20 20 20 20 20 20 20  20 3c 6d 78 47 65 6f 6d
65 74 72 79 20 78 3d 22  31 33 30 30 22 20 79 3d
22 31 30 35 30 22 20 77  69 64 74 68 3d 22 32 30
30 22 20 68 65 69 67 68  74 3d 22 37 30 22 20 61
73 3d 22 67 65 6f 6d 65  74 72 79 22 2f 3e 0a 20
20 20 20 20 20 20 20 3c  2f 6d 78 43 65 6c 6c 3e
0a 20 20 20 20 20 20 20  20 3c 6d 78 43 65 6c 6c
20 69 64 3d 22 63 75 61  31 32 22 20 76 61 6c 75
65 3d 22 43 55 2d 41 31  32 26 23 78 61 3b 52 c3
a9 70 6f 6e 64 72 65 20  61 75 78 20 6d 65 73 73
61 67 65 73 22 20 73 74  79 6c 65 3d 22 65 6c 6c
69 70 73 65 3b 77 68 69  74 65 53 70 61 63 65 3d
77 72 61 70 3b 68 74 6d  6c 3d 31 3b 66 69 6c 6c
43 6f 6c 6f 72 3d 23 66  38 63 65 63 63 3b 73 74
72 6f 6b 65 43 6f 6c 6f  72 3d 23 62 38 35 34 35
30 3b 66 6f 6e 74 53 69  7a 65 3d 31 31 3b 22 20
76 65 72 74 65 78 3d 22  31 22 20 70 61 72 65 6e
74 3d 22 31 22 3e 0a 20  20 20 20 20 20 20 20 20
20 3c 6d 78 47 65 6f 6d  65 74 72 79 20 78 3d 22
31 33 30 30 22 20 79 3d  22 31 32 33 30 22 20 77
69 64 74 68 3d 22 32 30  30 22 20 68 65 69 67 68
74 3d 22 37 30 22 20 61  73 3d 22 67 65 6f 6d 65
74 72 79 22 2f 3e 0a 20  20 20 20 20 20 20 20 3c
2f 6d 78 43 65 6c 6c 3e  0a 0a 20 20 20 20 20 20
20 20 3c 6d 78 43 65 6c  6c 20 69 64 3d 22 6c 63
30 31 22 20 73 74 79 6c  65 3d 22 65 6e 64 41 72
72 6f 77 3d 6e 6f 6e 65  3b 22 20 65 64 67 65 3d
22 31 22 20 73 6f 75 72  63 65 3d 22 61 63 74 43
6c 69 65 6e 74 22 20 74  61 72 67 65 74 3d 22 63
75 63 30 31 22 20 70 61  72 65 6e 74 3d 22 31 22
3e 3c 6d 78 47 65 6f 6d  65 74 72 79 20 72 65 6c
61 74 69 76 65 3d 22 31  22 20 61 73 3d 22 67 65
6f 6d 65 74 72 79 22 2f  3e 3c 2f 6d 78 43 65 6c
6c 3e 0a 20 20 20 20 20  20 20 20 3c 6d 78 43 65
6c 6c 20 69 64 3d 22 6c  63 30 32 22 20 73 74 79
6c 65 3d 22 65 6e 64 41  72 72 6f 77 3d 6e 6f 6e
65 3b 22 20 65 64 67 65  3d 22 31 22 20 73 6f 75
72 63 65 3d 22 61 63 74  43 6c 69 65 6e 74 22 20
74 61 72 67 65 74 3d 22  63 75 63 30 32 22 20 70
61 72 65 6e 74 3d 22 31  22 3e 3c 6d 78 47 65 6f
6d 65 74 72 79 20 72 65  6c 61 74 69 76 65 3d 22
31 22 20 61 73 3d 22 67  65 6f 6d 65 74 72 79 22
2f 3e 3c 2f 6d 78 43 65  6c 6c 3e 0a 20 20 20 20
20 20 20 20 3c 6d 78 43  65 6c 6c 20 69 64 3d 22
6c 63 30 33 22 20 73 74  79 6c 65 3d 22 65 6e 64
41 72 72 6f 77 3d 6e 6f  6e 65 3b 22 20 65 64 67
65 3d 22 31 22 20 73 6f  75 72 63 65 3d 22 61 63
74 43 6c 69 65 6e 74 22  20 74 61 72 67 65 74 3d
22 63 75 63 30 33 22 20  70 61 72 65 6e 74 3d 22
31 22 3e 3c 6d 78 47 65  6f 6d 65 74 72 79 20 72
65 6c 61 74 69 76 65 3d  22 31 22 20 61 73 3d 22
67 65 6f 6d 65 74 72 79  22 2f 3e 3c 2f 6d 78 43
65 6c 6c 3e 0a 20 20 20  20 20 20 20 20 3c 6d 78
43 65 6c 6c 20 69 64 3d  22 6c 63 30 34 22 20 73
74 79 6c 65 3d 22 65 6e  64 41 72 72 6f 77 3d 6e
6f 6e 65 3b 22 20 65 64  67 65 3d 22 31 22 20 73
6f 75 72 63 65 3d 22 61  63 74 43 6c 69 65 6e 74
22 20 74 61 72 67 65 74  3d 22 63 75 63 30 34 22
20 70 61 72 65 6e 74 3d  22 31 22 3e 3c 6d 78 47
65 6f 6d 65 74 72 79 20  72 65 6c 61 74 69 76 65
3d 22 31 22 20 61 73 3d  22 67 65 6f 6d 65 74 72
79 22 2f 3e 3c 2f 6d 78  43 65 6c 6c 3e 0a 20 20
20 20 20 20 20 20 3c 6d  78 43 65 6c 6c 20 69 64
3d 22 6c 63 30 35 22 20  73 74 79 6c 65 3d 22 65
6e 64 41 72 72 6f 77 3d  6e 6f 6e 65 3b 22 20 65
64 67 65 3d 22 31 22 20  73 6f 75 72 63 65 3d 22
61 63 74 43 6c 69 65 6e  74 22 20 74 61 72 67 65
74 3d 22 63 75 63 30 35  22 20 70 61 72 65 6e 74
3d 22 31 22 3e 3c 6d 78  47 65 6f 6d 65 74 72 79
20 72 65 6c 61 74 69 76  65 3d 22 31 22 20 61 73
3d 22 67 65 6f 6d 65 74  72 79 22 2f 3e 3c 2f 6d
78 43 65 6c 6c 3e 0a 20  20 20 20 20 20 20 20 3c
6d 78 43 65 6c 6c 20 69  64 3d 22 6c 63 30 36 22
20 73 74 79 6c 65 3d 22  65 6e 64 41 72 72 6f 77
3d 6e 6f 6e 65 3b 22 20  65 64 67 65 3d 22 31 22
20 73 6f 75 72 63 65 3d  22 61 63 74 43 6c 69 65
6e 74 22 20 74 61 72 67  65 74 3d 22 63 75 63 30
36 22 20 70 61 72 65 6e  74 3d 22 31 22 3e 3c 6d
78 47 65 6f 6d 65 74 72  79 20 72 65 6c 61 74 69
76 65 3d 22 31 22 20 61  73 3d 22 67 65 6f 6d 65
74 72 79 22 2f 3e 3c 2f  6d 78 43 65 6c 6c 3e 0a
20 20 20 20 20 20 20 20  3c 6d 78 43 65 6c 6c 20
69 64 3d 22 6c 63 30 37  22 20 73 74 79 6c 65 3d
22 65 6e 64 41 72 72 6f  77 3d 6e 6f 6e 65 3b 22
20 65 64 67 65 3d 22 31  22 20 73 6f 75 72 63 65
3d 22 61 63 74 43 6c 69  65 6e 74 22 20 74 61 72
67 65 74 3d 22 63 75 63  30 37 22 20 70 61 72 65
6e 74 3d 22 31 22 3e 3c  6d 78 47 65 6f 6d 65 74
72 79 20 72 65 6c 61 74  69 76 65 3d 22 31 22 20
61 73 3d 22 67 65 6f 6d  65 74 72 79 22 2f 3e 3c
2f 6d 78 43 65 6c 6c 3e  0a 20 20 20 20 20 20 20
20 3c 6d 78 43 65 6c 6c  20 69 64 3d 22 6c 63 30
38 22 20 73 74 79 6c 65  3d 22 65 6e 64 41 72 72
6f 77 3d 6e 6f 6e 65 3b  22 20 65 64 67 65 3d 22
31 22 20 73 6f 75 72 63  65 3d 22 61 63 74 43 6c
69 65 6e 74 22 20 74 61  72 67 65 74 3d 22 63 75
63 30 38 22 20 70 61 72  65 6e 74 3d 22 31 22 3e
3c 6d 78 47 65 6f 6d 65  74 72 79 20 72 65 6c 61
74 69 76 65 3d 22 31 22  20 61 73 3d 22 67 65 6f
6d 65 74 72 79 22 2f 3e  3c 2f 6d 78 43 65 6c 6c
3e 0a 20 20 20 20 20 20  20 20 3c 6d 78 43 65 6c
6c 20 69 64 3d 22 6c 63  30 39 22 20 73 74 79 6c
65 3d 22 65 6e 64 41 72  72 6f 77 3d 6e 6f 6e 65
3b 22 20 65 64 67 65 3d  22 31 22 20 73 6f 75 72
63 65 3d 22 61 63 74 43  6c 69 65 6e 74 22 20 74
61 72 67 65 74 3d 22 63  75 63 30 39 22 20 70 61
72 65 6e 74 3d 22 31 22  3e 3c 6d 78 47 65 6f 6d
65 74 72 79 20 72 65 6c  61 74 69 76 65 3d 22 31
22 20 61 73 3d 22 67 65  6f 6d 65 74 72 79 22 2f
3e 3c 2f 6d 78 43 65 6c  6c 3e 0a 20 20 20 20 20
20 20 20 3c 6d 78 43 65  6c 6c 20 69 64 3d 22 6c
63 31 30 22 20 73 74 79  6c 65 3d 22 65 6e 64 41
72 72 6f 77 3d 6e 6f 6e  65 3b 22 20 65 64 67 65
3d 22 31 22 20 73 6f 75  72 63 65 3d 22 61 63 74
43 6c 69 65 6e 74 22 20  74 61 72 67 65 74 3d 22
63 75 63 31 30 22 20 70  61 72 65 6e 74 3d 22 31
22 3e 3c 6d 78 47 65 6f  6d 65 74 72 79 20 72 65
6c 61 74 69 76 65 3d 22  31 22 20 61 73 3d 22 67
65 6f 6d 65 74 72 79 22  2f 3e 3c 2f 6d 78 43 65
6c 6c 3e 0a 20 20 20 20  20 20 20 20 3c 6d 78 43
65 6c 6c 20 69 64 3d 22  6c 63 31 31 22 20 73 74
79 6c 65 3d 22 65 6e 64  41 72 72 6f 77 3d 6e 6f
6e 65 3b 22 20 65 64 67  65 3d 22 31 22 20 73 6f
75 72 63 65 3d 22 61 63  74 43 6c 69 65 6e 74 22
20 74 61 72 67 65 74 3d  22 63 75 63 31 31 22 20
70 61 72 65 6e 74 3d 22  31 22 3e 3c 6d 78 47 65
6f 6d 65 74 72 79 20 72  65 6c 61 74 69 76 65 3d
22 31 22 20 61 73 3d 22  67 65 6f 6d 65 74 72 79
22 2f 3e 3c 2f 6d 78 43  65 6c 6c 3e 0a 0a 20 20
20 20 20 20 20 20 3c 6d  78 43 65 6c 6c 20 69 64
3d 22 6c 65 30 31 22 20  73 74 79 6c 65 3d 22 65
6e 64 41 72 72 6f 77 3d  6e 6f 6e 65 3b 22 20 65
64 67 65 3d 22 31 22 20  73 6f 75 72 63 65 3d 22
61 63 74 45 6d 70 6c 6f  79 65 65 22 20 74 61 72
67 65 74 3d 22 63 75 65  30 31 22 20 70 61 72 65
6e 74 3d 22 31 22 3e 3c  6d 78 47 65 6f 6d 65 74
72 79 20 72 65 6c 61 74  69 76 65 3d 22 31 22 20
61 73 3d 22 67 65 6f 6d  65 74 72 79 22 2f 3e 3c
2f 6d 78 43 65 6c 6c 3e  0a 20 20 20 20 20 20 20
20 3c 6d 78 43 65 6c 6c  20 69 64 3d 22 6c 65 30
32 22 20 73 74 79 6c 65  3d 22 65 6e 64 41 72 72
6f 77 3d 6e 6f 6e 65 3b  22 20 65 64 67 65 3d 22
31 22 20 73 6f 75 72 63  65 3d 22 61 63 74 45 6d
70 6c 6f 79 65 65 22 20  74 61 72 67 65 74 3d 22
63 75 65 30 32 22 20 70  61 72 65 6e 74 3d 22 31
22 3e 3c 6d 78 47 65 6f  6d 65 74 72 79 20 72 65
6c 61 74 69 76 65 3d 22  31 22 20 61 73 3d 22 67
65 6f 6d 65 74 72 79 22  2f 3e 3c 2f 6d 78 43 65
6c 6c 3e 0a 20 20 20 20  20 20 20 20 3c 6d 78 43
65 6c 6c 20 69 64 3d 22  6c 65 30 33 22 20 73 74
79 6c 65 3d 22 65 6e 64  41 72 72 6f 77 3d 6e 6f
6e 65 3b 22 20 65 64 67  65 3d 22 31 22 20 73 6f
75 72 63 65 3d 22 61 63  74 45 6d 70 6c 6f 79 65
65 22 20 74 61 72 67 65  74 3d 22 63 75 65 30 33
22 20 70 61 72 65 6e 74  3d 22 31 22 3e 3c 6d 78
47 65 6f 6d 65 74 72 79  20 72 65 6c 61 74 69 76
65 3d 22 31 22 20 61 73  3d 22 67 65 6f 6d 65 74
72 79 22 2f 3e 3c 2f 6d  78 43 65 6c 6c 3e 0a 20
20 20 20 20 20 20 20 3c  6d 78 43 65 6c 6c 20 69
64 3d 22 6c 65 30 34 22  20 73 74 79 6c 65 3d 22
65 6e 64 41 72 72 6f 77  3d 6e 6f 6e 65 3b 22 20
65 64 67 65 3d 22 31 22  20 73 6f 75 72 63 65 3d
22 61 63 74 45 6d 70 6c  6f 79 65 65 22 20 74 61
72 67 65 74 3d 22 63 75  65 30 34 22 20 70 61 72
65 6e 74 3d 22 31 22 3e  3c 6d 78 47 65 6f 6d 65
74 72 79 20 72 65 6c 61  74 69 76 65 3d 22 31 22
20 61 73 3d 22 67 65 6f  6d 65 74 72 79 22 2f 3e
3c 2f 6d 78 43 65 6c 6c  3e 0a 20 20 20 20 20 20
20 20 3c 6d 78 43 65 6c  6c 20 69 64 3d 22 6c 65
30 35 22 20 73 74 79 6c  65 3d 22 65 6e 64 41 72
72 6f 77 3d 6e 6f 6e 65  3b 22 20 65 64 67 65 3d
22 31 22 20 73 6f 75 72  63 65 3d 22 61 63 74 45
6d 70 6c 6f 79 65 65 22  20 74 61 72 67 65 74 3d
22 63 75 65 30 35 22 20  70 61 72 65 6e 74 3d 22
31 22 3e 3c 6d 78 47 65  6f 6d 65 74 72 79 20 72
65 6c 61 74 69 76 65 3d  22 31 22 20 61 73 3d 22
67 65 6f 6d 65 74 72 79  22 2f 3e 3c 2f 6d 78 43
65 6c 6c 3e 0a 20 20 20  20 20 20 20 20 3c 6d 78
43 65 6c 6c 20 69 64 3d  22 6c 65 30 36 22 20 73
74 79 6c 65 3d 22 65 6e  64 41 72 72 6f 77 3d 6e
6f 6e 65 3b 22 20 65 64  67 65 3d 22 31 22 20 73
6f 75 72 63 65 3d 22 61  63 74 45 6d 70 6c 6f 79
65 65 22 20 74 61 72 67  65 74 3d 22 63 75 65 30
36 22 20 70 61 72 65 6e  74 3d 22 31 22 3e 3c 6d
78 47 65 6f 6d 65 74 72  79 20 72 65 6c 61 74 69
76 65 3d 22 31 22 20 61  73 3d 22 67 65 6f 6d 65
74 72 79 22 2f 3e 3c 2f  6d 78 43 65 6c 6c 3e 0a
20 20 20 20 20 20 20 20  3c 6d 78 43 65 6c 6c 20
69 64 3d 22 6c 65 30 37  22 20 73 74 79 6c 65 3d
22 65 6e 64 41 72 72 6f  77 3d 6e 6f 6e 65 3b 22
20 65 64 67 65 3d 22 31  22 20 73 6f 75 72 63 65
3d 22 61 63 74 45 6d 70  6c 6f 79 65 65 22 20 74
61 72 67 65 74 3d 22 63  75 65 30 37 22 20 70 61
72 65 6e 74 3d 22 31 22  3e 3c 6d 78 47 65 6f 6d
65 74 72 79 20 72 65 6c  61 74 69 76 65 3d 22 31
22 20 61 73 3d 22 67 65  6f 6d 65 74 72 79 22 2f
3e 3c 2f 6d 78 43 65 6c  6c 3e 0a 20 20 20 20 20
20 20 20 3c 6d 78 43 65  6c 6c 20 69 64 3d 22 6c
65 30 38 22 20 73 74 79  6c 65 3d 22 65 6e 64 41
72 72 6f 77 3d 6e 6f 6e  65 3b 22 20 65 64 67 65
3d 22 31 22 20 73 6f 75  72 63 65 3d 22 61 63 74
45 6d 70 6c 6f 79 65 65  22 20 74 61 72 67 65 74
3d 22 63 75 65 30 38 22  20 70 61 72 65 6e 74 3d
22 31 22 3e 3c 6d 78 47  65 6f 6d 65 74 72 79 20
72 65 6c 61 74 69 76 65  3d 22 31 22 20 61 73 3d
22 67 65 6f 6d 65 74 72  79 22 2f 3e 3c 2f 6d 78
43 65 6c 6c 3e 0a 0a 20  20 20 20 20 20 20 20 3c
6d 78 43 65 6c 6c 20 69  64 3d 22 6c 61 30 31 22
20 73 74 79 6c 65 3d 22  65 6e 64 41 72 72 6f 77
3d 6e 6f 6e 65 3b 22 20  65 64 67 65 3d 22 31 22
20 73 6f 75 72 63 65 3d  22 61 63 74 41 64 6d 69
6e 22 20 74 61 72 67 65  74 3d 22 63 75 61 30 31
22 20 70 61 72 65 6e 74  3d 22 31 22 3e 3c 6d 78
47 65 6f 6d 65 74 72 79  20 72 65 6c 61 74 69 76
65 3d 22 31 22 20 61 73  3d 22 67 65 6f 6d 65 74
72 79 22 2f 3e 3c 2f 6d  78 43 65 6c 6c 3e 0a 20
20 20 20 20 20 20 20 3c  6d 78 43 65 6c 6c 20 69
64 3d 22 6c 61 30 32 22  20 73 74 79 6c 65 3d 22
65 6e 64 41 72 72 6f 77  3d 6e 6f 6e 65 3b 22 20
65 64 67 65 3d 22 31 22  20 73 6f 75 72 63 65 3d
22 61 63 74 41 64 6d 69  6e 22 20 74 61 72 67 65
74 3d 22 63 75 61 30 32  22 20 70 61 72 65 6e 74
3d 22 31 22 3e 3c 6d 78  47 65 6f 6d 65 74 72 79
20 72 65 6c 61 74 69 76  65 3d 22 31 22 20 61 73
3d 22 67 65 6f 6d 65 74  72 79 22 2f 3e 3c 2f 6d
78 43 65 6c 6c 3e 0a 20  20 20 20 20 20 20 20 3c
6d 78 43 65 6c 6c 20 69  64 3d 22 6c 61 30 33 22
20 73 74 79 6c 65 3d 22  65 6e 64 41 72 72 6f 77
3d 6e 6f 6e 65 3b 22 20  65 64 67 65 3d 22 31 22
20 73 6f 75 72 63 65 3d  22 61 63 74 41 64 6d 69
6e 22 20 74 61 72 67 65  74 3d 22 63 75 61 30 33
22 20 70 61 72 65 6e 74  3d 22 31 22 3e 3c 6d 78
47 65 6f 6d 65 74 72 79  20 72 65 6c 61 74 69 76
65 3d 22 31 22 20 61 73  3d 22 67 65 6f 6d 65 74
72 79 22 2f 3e 3c 2f 6d  78 43 65 6c 6c 3e 0a 20
20 20 20 20 20 20 20 3c  6d 78 43 65 6c 6c 20 69
64 3d 22 6c 61 30 34 22  20 73 74 79 6c 65 3d 22
65 6e 64 41 72 72 6f 77  3d 6e 6f 6e 65 3b 22 20
65 64 67 65 3d 22 31 22  20 73 6f 75 72 63 65 3d
22 61 63 74 41 64 6d 69  6e 22 20 74 61 72 67 65
74 3d 22 63 75 61 30 34  22 20 70 61 72 65 6e 74
3d 22 31 22 3e 3c 6d 78  47 65 6f 6d 65 74 72 79
20 72 65 6c 61 74 69 76  65 3d 22 31 22 20 61 73
3d 22 67 65 6f 6d 65 74  72 79 22 2f 3e 3c 2f 6d
78 43 65 6c 6c 3e 0a 20  20 20 20 20 20 20 20 3c
6d 78 43 65 6c 6c 20 69  64 3d 22 6c 61 30 35 22
20 73 74 79 6c 65 3d 22  65 6e 64 41 72 72 6f 77
3d 6e 6f 6e 65 3b 22 20  65 64 67 65 3d 22 31 22
20 73 6f 75 72 63 65 3d  22 61 63 74 41 64 6d 69
6e 22 20 74 61 72 67 65  74 3d 22 63 75 61 30 35
22 20 70 61 72 65 6e 74  3d 22 31 22 3e 3c 6d 78
47 65 6f 6d 65 74 72 79  20 72 65 6c 61 74 69 76
65 3d 22 31 22 20 61 73  3d 22 67 65 6f 6d 65 74
72 79 22 2f 3e 3c 2f 6d  78 43 65 6c 6c 3e 0a 20
20 20 20 20 20 20 20 3c  6d 78 43 65 6c 6c 20 69
64 3d 22 6c 61 30 36 22  20 73 74 79 6c 65 3d 22
65 6e 64 41 72 72 6f 77  3d 6e 6f 6e 65 3b 22 20
65 64 67 65 3d 22 31 22  20 73 6f 75 72 63 65 3d
22 61 63 74 41 64 6d 69  6e 22 20 74 61 72 67 65
74 3d 22 63 75 61 30 36  22 20 70 61 72 65 6e 74
3d 22 31 22 3e 3c 6d 78  47 65 6f 6d 65 74 72 79
20 72 65 6c 61 74 69 76  65 3d 22 31 22 20 61 73
3d 22 67 65 6f 6d 65 74  72 79 22 2f 3e 3c 2f 6d
78 43 65 6c 6c 3e 0a 20  20 20 20 20 20 20 20 3c
6d 78 43 65 6c 6c 20 69  64 3d 22 6c 61 30 37 22
20 73 74 79 6c 65 3d 22  65 6e 64 41 72 72 6f 77
3d 6e 6f 6e 65 3b 22 20  65 64 67 65 3d 22 31 22
20 73 6f 75 72 63 65 3d  22 61 63 74 41 64 6d 69
6e 22 20 74 61 72 67 65  74 3d 22 63 75 61 30 37
22 20 70 61 72 65 6e 74  3d 22 31 22 3e 3c 6d 78
47 65 6f 6d 65 74 72 79  20 72 65 6c 61 74 69 76
65 3d 22 31 22 20 61 73  3d 22 67 65 6f 6d 65 74
72 79 22 2f 3e 3c 2f 6d  78 43 65 6c 6c 3e 0a 20
20 20 20 20 20 20 20 3c  6d 78 43 65 6c 6c 20 69
64 3d 22 6c 61 30 38 22  20 73 74 79 6c 65 3d 22
65 6e 64 41 72 72 6f 77  3d 6e 6f 6e 65 3b 22 20
65 64 67 65 3d 22 31 22  20 73 6f 75 72 63 65 3d
22 61 63 74 41 64 6d 69  6e 22 20 74 61 72 67 65
74 3d 22 63 75 61 30 38  22 20 70 61 72 65 6e 74
3d 22 31 22 3e 3c 6d 78  47 65 6f 6d 65 74 72 79
20 72 65 6c 61 74 69 76  65 3d 22 31 22 20 61 73
3d 22 67 65 6f 6d 65 74  72 79 22 2f 3e 3c 2f 6d
78 43 65 6c 6c 3e 0a 20  20 20 20 20 20 20 20 3c
6d 78 43 65 6c 6c 20 69  64 3d 22 6c 61 30 39 22
20 73 74 79 6c 65 3d 22  65 6e 64 41 72 72 6f 77
3d 6e 6f 6e 65 3b 22 20  65 64 67 65 3d 22 31 22
20 73 6f 75 72 63 65 3d  22 61 63 74 41 64 6d 69
6e 22 20 74 61 72 67 65  74 3d 22 63 75 61 30 39
22 20 70 61 72 65 6e 74  3d 22 31 22 3e 3c 6d 78
47 65 6f 6d 65 74 72 79  20 72 65 6c 61 74 69 76
65 3d 22 31 22 20 61 73  3d 22 67 65 6f 6d 65 74
72 79 22 2f 3e 3c 2f 6d  78 43 65 6c 6c 3e 0a 20
20 20 20 20 20 20 20 3c  6d 78 43 65 6c 6c 20 69
64 3d 22 6c 61 31 30 22  20 73 74 79 6c 65 3d 22
65 6e 64 41 72 72 6f 77  3d 6e 6f 6e 65 3b 22 20
65 64 67 65 3d 22 31 22  20 73 6f 75 72 63 65 3d
22 61 63 74 41 64 6d 69  6e 22 20 74 61 72 67 65
74 3d 22 63 75 61 31 30  22 20 70 61 72 65 6e 74
3d 22 31 22 3e 3c 6d 78  47 65 6f 6d 65 74 72 79
20 72 65 6c 61 74 69 76  65 3d 22 31 22 20 61 73
3d 22 67 65 6f 6d 65 74  72 79 22 2f 3e 3c 2f 6d
78 43 65 6c 6c 3e 0a 20  20 20 20 20 20 20 20 3c
6d 78 43 65 6c 6c 20 69  64 3d 22 6c 61 31 31 22
20 73 74 79 6c 65 3d 22  65 6e 64 41 72 72 6f 77
3d 6e 6f 6e 65 3b 22 20  65 64 67 65 3d 22 31 22
20 73 6f 75 72 63 65 3d  22 61 63 74 41 64 6d 69
6e 22 20 74 61 72 67 65  74 3d 22 63 75 61 31 31
22 20 70 61 72 65 6e 74  3d 22 31 22 3e 3c 6d 78
47 65 6f 6d 65 74 72 79  20 72 65 6c 61 74 69 76
65 3d 22 31 22 20 61 73  3d 22 67 65 6f 6d 65 74
72 79 22 2f 3e 3c 2f 6d  78 43 65 6c 6c 3e 0a 20
20 20 20 20 20 20 20 3c  6d 78 43 65 6c 6c 20 69
64 3d 22 6c 61 31 32 22  20 73 74 79 6c 65 3d 22
65 6e 64 41 72 72 6f 77  3d 6e 6f 6e 65 3b 22 20
65 64 67 65 3d 22 31 22  20 73 6f 75 72 63 65 3d
22 61 63 74 41 64 6d 69  6e 22 20 74 61 72 67 65
74 3d 22 63 75 61 31 32  22 20 70 61 72 65 6e 74
3d 22 31 22 3e 3c 6d 78  47 65 6f 6d 65 74 72 79
20 72 65 6c 61 74 69 76  65 3d 22 31 22 20 61 73
3d 22 67 65 6f 6d 65 74  72 79 22 2f 3e 3c 2f 6d
78 43 65 6c 6c 3e 0a 0a  20 20 20 20 20 20 20 20
3c 6d 78 43 65 6c 6c 20  69 64 3d 22 69 6e 63 31
22 20 76 61 6c 75 65 3d  22 26 6c 74 3b 26 6c 74
3b 69 6e 63 6c 75 64 65  26 67 74 3b 26 67 74 3b
22 20 73 74 79 6c 65 3d  22 65 6e 64 41 72 72 6f
77 3d 6f 70 65 6e 3b 64  61 73 68 65 64 3d 31 3b
68 74 6d 6c 3d 31 3b 66  6f 6e 74 53 69 7a 65 3d
31 30 3b 22 20 65 64 67  65 3d 22 31 22 20 73 6f
75 72 63 65 3d 22 63 75  63 30 33 22 20 74 61 72
67 65 74 3d 22 63 75 63  30 32 22 20 70 61 72 65
6e 74 3d 22 31 22 3e 0a  20 20 20 20 20 20 20 20
20 20 3c 6d 78 47 65 6f  6d 65 74 72 79 20 72 65
6c 61 74 69 76 65 3d 22  31 22 20 61 73 3d 22 67
65 6f 6d 65 74 72 79 22  2f 3e 0a 20 20 20 20 20
20 20 20 3c 2f 6d 78 43  65 6c 6c 3e 0a 20 20 20
20 20 20 20 20 3c 6d 78  43 65 6c 6c 20 69 64 3d
22 69 6e 63 32 22 20 76  61 6c 75 65 3d 22 26 6c
74 3b 26 6c 74 3b 69 6e  63 6c 75 64 65 26 67 74
3b 26 67 74 3b 22 20 73  74 79 6c 65 3d 22 65 6e
64 41 72 72 6f 77 3d 6f  70 65 6e 3b 64 61 73 68
65 64 3d 31 3b 68 74 6d  6c 3d 31 3b 66 6f 6e 74
53 69 7a 65 3d 31 30 3b  22 20 65 64 67 65 3d 22
31 22 20 73 6f 75 72 63  65 3d 22 63 75 63 30 33
22 20 74 61 72 67 65 74  3d 22 63 75 63 49 6e 63
31 22 20 70 61 72 65 6e  74 3d 22 31 22 3e 0a 20
20 20 20 20 20 20 20 20  20 3c 6d 78 47 65 6f 6d
65 74 72 79 20 72 65 6c  61 74 69 76 65 3d 22 31
22 20 61 73 3d 22 67 65  6f 6d 65 74 72 79 22 2f
3e 0a 20 20 20 20 20 20  20 20 3c 2f 6d 78 43 65
6c 6c 3e 0a 20 20 20 20  20 20 20 20 3c 6d 78 43
65 6c 6c 20 69 64 3d 22  69 6e 63 33 22 20 76 61
6c 75 65 3d 22 26 6c 74  3b 26 6c 74 3b 69 6e 63
6c 75 64 65 26 67 74 3b  26 67 74 3b 22 20 73 74
79 6c 65 3d 22 65 6e 64  41 72 72 6f 77 3d 6f 70
65 6e 3b 64 61 73 68 65  64 3d 31 3b 68 74 6d 6c
3d 31 3b 66 6f 6e 74 53  69 7a 65 3d 31 30 3b 22
20 65 64 67 65 3d 22 31  22 20 73 6f 75 72 63 65
3d 22 63 75 63 30 36 22  20 74 61 72 67 65 74 3d
22 63 75 63 49 6e 63 32  22 20 70 61 72 65 6e 74
3d 22 31 22 3e 0a 20 20  20 20 20 20 20 20 20 20
3c 6d 78 47 65 6f 6d 65  74 72 79 20 72 65 6c 61
74 69 76 65 3d 22 31 22  20 61 73 3d 22 67 65 6f
6d 65 74 72 79 22 2f 3e  0a 20 20 20 20 20 20 20
20 3c 2f 6d 78 43 65 6c  6c 3e 0a 20 20 20 20 20
20 20 20 3c 6d 78 43 65  6c 6c 20 69 64 3d 22 69
6e 63 34 22 20 76 61 6c  75 65 3d 22 26 6c 74 3b
26 6c 74 3b 69 6e 63 6c  75 64 65 26 67 74 3b 26
67 74 3b 22 20 73 74 79  6c 65 3d 22 65 6e 64 41
72 72 6f 77 3d 6f 70 65  6e 3b 64 61 73 68 65 64
3d 31 3b 68 74 6d 6c 3d  31 3b 66 6f 6e 74 53 69
7a 65 3d 31 30 3b 22 20  65 64 67 65 3d 22 31 22
20 73 6f 75 72 63 65 3d  22 63 75 61 30 36 22 20
74 61 72 67 65 74 3d 22  63 75 61 30 35 22 20 70
61 72 65 6e 74 3d 22 31  22 3e 0a 20 20 20 20 20
20 20 20 20 20 3c 6d 78  47 65 6f 6d 65 74 72 79
20 72 65 6c 61 74 69 76  65 3d 22 31 22 20 61 73
3d 22 67 65 6f 6d 65 74  72 79 22 2f 3e 0a 20 20
20 20 20 20 20 20 3c 2f  6d 78 43 65 6c 6c 3e 0a
0a 20 20 20 20 20 20 20  20 3c 6d 78 43 65 6c 6c
20 69 64 3d 22 65 78 74  31 22 20 76 61 6c 75 65
3d 22 26 6c 74 3b 26 6c  74 3b 65 78 74 65 6e 64
26 67 74 3b 26 67 74 3b  22 20 73 74 79 6c 65 3d
22 65 6e 64 41 72 72 6f  77 3d 6f 70 65 6e 3b 64
61 73 68 65 64 3d 31 3b  68 74 6d 6c 3d 31 3b 66
6f 6e 74 53 69 7a 65 3d  31 30 3b 73 74 72 6f 6b
65 43 6f 6c 6f 72 3d 23  30 30 30 30 46 46 3b 22
20 65 64 67 65 3d 22 31  22 20 73 6f 75 72 63 65
3d 22 63 75 63 31 30 22  20 74 61 72 67 65 74 3d
22 63 75 63 30 33 22 20  70 61 72 65 6e 74 3d 22
31 22 3e 0a 20 20 20 20  20 20 20 20 20 20 3c 6d
78 47 65 6f 6d 65 74 72  79 20 72 65 6c 61 74 69
76 65 3d 22 31 22 20 61  73 3d 22 67 65 6f 6d 65
74 72 79 22 2f 3e 0a 20  20 20 20 20 20 20 20 3c
2f 6d 78 43 65 6c 6c 3e  0a 20 20 20 20 20 20 20
20 3c 6d 78 43 65 6c 6c  20 69 64 3d 22 65 78 74
32 22 20 76 61 6c 75 65  3d 22 26 6c 74 3b 26 6c
74 3b 65 78 74 65 6e 64  26 67 74 3b 26 67 74 3b
22 20 73 74 79 6c 65 3d  22 65 6e 64 41 72 72 6f
77 3d 6f 70 65 6e 3b 64  61 73 68 65 64 3d 31 3b
68 74 6d 6c 3d 31 3b 66  6f 6e 74 53 69 7a 65 3d
31 30 3b 73 74 72 6f 6b  65 43 6f 6c 6f 72 3d 23
30 30 30 30 46 46 3b 22  20 65 64 67 65 3d 22 31
22 20 73 6f 75 72 63 65  3d 22 63 75 63 30 39 22
20 74 61 72 67 65 74 3d  22 63 75 63 30 36 22 20
70 61 72 65 6e 74 3d 22  31 22 3e 0a 20 20 20 20
20 20 20 20 20 20 3c 6d  78 47 65 6f 6d 65 74 72
79 20 72 65 6c 61 74 69  76 65 3d 22 31 22 20 61
73 3d 22 67 65 6f 6d 65  74 72 79 22 2f 3e 0a 20
20 20 20 20 20 20 20 3c  2f 6d 78 43 65 6c 6c 3e
0a 0a 20 20 20 20 20 20  3c 2f 72 6f 6f 74 3e 0a
20 20 20 20 3c 2f 6d 78  47 72 61 70 68 4d 6f 64
65 6c 3e 0a 20 20 3c 2f  64 69 61 67 72 61 6d 3e
0a 3c 2f 6d 78 66 69 6c  65 3e 0a
